574.2188720703125
558.8355712890625
548.9524536132812
540.327392578125
538.8064575195312
543.6509399414062
545.8665771484375
550.57275390625
555.2355346679688
556.8426513671875
559.6119995117188
563.210693359375
566.9315185546875
572.725341796875
578.4598999023438
584.9498901367188
590.6432495117188
594.9163208007812
598.1679077148438
600.1431274414062
600.6947021484375
601.3827514648438
601.2272338867188
601.1897583007812
600.9082641601562
599.945068359375
598.3351440429688
595.6432495117188
591.8433837890625
587.4345092773438
582.4132080078125
577.398193359375
572.6074829101562
568.1770629882812
564.2216186523438
560.63671875
557.2646484375
554.1632080078125
551.13720703125
548.37158203125
